1000
80.4 124.0 10.0
88.4 254.2 7.4
21.5 239.2 9.1
96.9 194.1 9.4
206.4 298.9 9.8
24.4 59.2 7.7
248.7 259.7 5.9
179.6 223.4 5.0
120.9 202.4 9.4
50.4 152.1 5.6
246.8 278.3 8.4
230.4 270.3 9.3
103.1 234.1 5.6
140.9 286.7 9.8
95.8 242.6 9.1
199.7 242.1 9.7
56.7 138.4 8.7
67.9 139.2 9.0
69.0 229.4 9.6
162.9 216.6 5.3
196.3 246.2 7.9
164.1 278.0 6.2
125.5 268.6 7.5
119.7 148.4 8.2
164.7 297.0 8.0
139.6 288.0 9.5
117.7 172.3 8.2
188.5 210.6 7.1
139.2 258.2 7.7
137.5 228.5 5.0
114.4 196.9 6.4
135.5 172.4 9.7
174.4 283.8 8.2
243.3 286.4 9.8
20.3 183.0 10.0
131.9 296.9 5.2
25.8 166.1 6.9
153.2 268.7 7.7
71.2 90.2 8.2
41.1 198.7 7.0
53.8 171.0 9.9
62.1 107.9 8.5
197.5 266.7 7.8
187.9 270.2 9.1
52.1 90.8 9.2
169.1 264.9 6.3
161.2 234.4 7.6
173.8 287.9 9.1
39.2 58.4 8.2
45.5 165.5 7.9
223.4 288.5 9.3
35.6 135.7 8.1
232.6 299.5 7.1
212.6 279.8 7.7
246.6 285.7 6.2
138.0 186.7 6.7
131.8 299.1 8.4
195.9 258.9 7.9
34.7 102.1 5.4
19.8 276.6 5.2
148.3 256.2 8.5
113.3 288.2 7.6
42.8 80.7 8.7
34.4 234.4 5.6
25.4 40.6 9.0
198.8 290.9 8.3
200.4 256.6 8.6
117.5 278.0 8.1
220.5 249.4 7.9
98.2 246.3 8.1
229.5 276.0 7.3
33.6 52.2 8.2
130.7 148.0 8.5
203.9 299.7 7.8
226.0 269.5 5.8
19.5 275.5 8.2
67.1 239.7 9.6
235.1 272.2 10.0
99.0 148.4 8.6
77.7 164.3 9.3
149.2 207.3 9.2
29.2 122.5 6.4
92.4 110.8 8.4
230.2 272.0 9.1
60.5 199.6 6.2
242.1 271.6 7.8
126.6 243.8 5.8
55.7 237.5 7.6
69.0 83.0 6.5
153.6 244.1 6.0
18.7 155.5 9.5
88.0 116.5 9.6
204.0 219.2 5.5
239.1 284.2 6.5
5.1 194.1 5.4
173.2 297.9 9.9
177.3 206.6 8.4
100.5 163.8 9.9
92.6 105.7 5.4
193.6 237.7 8.1
231.6 286.2 6.9
202.2 231.1 8.5
62.4 131.8 9.0
171.8 274.8 5.0
156.4 166.5 7.7
9.0 62.2 7.0
24.3 189.1 6.8
137.9 194.6 8.1
18.4 237.7 10.0
151.7 187.0 8.5
10.0 110.8 6.6
123.3 170.9 5.9
189.2 228.6 6.8
101.6 271.5 9.7
155.2 230.1 7.4
148.0 234.5 9.2
7.7 17.8 8.3
166.0 265.0 8.5
88.1 223.8 8.8
123.9 174.6 5.6
165.6 281.9 5.6
239.8 293.4 5.6
223.9 257.4 8.2
66.2 144.2 8.3
91.8 274.9 6.3
187.0 230.9 5.4
117.3 131.7 7.3
163.3 195.5 9.2
42.7 170.0 9.4
130.2 235.4 8.9
147.8 170.7 5.5
211.2 251.5 5.8
55.1 186.6 5.9
169.7 211.1 8.1
220.8 255.7 9.9
161.5 246.0 9.3
168.6 183.9 7.4
34.5 258.9 6.3
22.8 210.1 8.2
4.8 197.0 9.2
68.9 251.4 7.3
48.9 102.0 7.6
40.0 144.6 7.7
160.9 263.9 7.5
150.8 230.5 7.8
179.6 294.4 9.4
76.7 176.6 7.6
104.0 191.6 9.4
108.0 167.0 5.9
110.4 171.1 9.1
180.1 222.6 8.4
82.5 264.0 5.3
121.8 200.3 6.5
185.3 283.7 8.8
62.8 114.1 7.3
146.7 286.9 6.9
150.3 227.7 9.5
231.5 259.1 9.3
153.9 291.5 7.5
62.6 73.2 7.6
173.2 214.2 7.2
78.6 206.6 5.3
149.3 265.4 9.3
33.1 107.0 7.2
195.5 251.6 9.1
214.1 291.1 8.3
85.3 247.9 5.6
195.0 282.2 7.4
243.0 277.4 5.6
163.4 285.5 6.4
19.1 129.8 8.5
196.6 245.6 5.8
213.8 277.4 6.9
52.6 257.6 6.4
219.6 259.0 9.7
147.3 209.0 9.8
49.4 64.1 9.8
45.7 228.4 7.3
56.0 156.6 5.6
88.1 151.5 8.5
75.2 147.7 8.4
177.5 293.9 8.1
47.5 138.2 7.4
230.8 266.3 6.0
67.7 153.1 9.3
162.3 239.8 6.0
6.6 109.3 9.8
5.2 294.9 5.4
170.0 190.1 5.3
215.0 272.1 6.1
186.6 239.7 9.3
197.1 244.4 7.0
188.8 227.5 8.9
211.7 270.0 9.4
32.2 81.3 9.0
192.7 262.1 8.2
245.1 269.5 8.5
111.8 256.4 8.7
16.9 73.0 7.6
201.7 235.8 6.3
185.4 277.7 8.6
142.0 285.2 7.9
46.6 145.7 7.6
117.6 291.5 8.4
174.0 280.4 5.7
155.5 207.3 6.7
208.7 287.0 9.3
103.0 220.5 5.1
203.7 239.0 8.8
154.6 252.8 7.7
148.0 268.4 8.4
40.8 278.1 9.0
60.9 276.1 9.3
9.4 275.5 8.5
153.2 289.9 6.5
194.7 215.1 9.5
115.8 288.3 5.2
237.9 281.0 8.1
186.8 207.5 9.0
243.6 296.2 8.7
46.3 159.7 8.3
173.2 192.8 8.0
124.5 290.0 6.7
226.2 248.3 8.6
155.5 186.2 7.1
17.0 115.0 5.1
139.9 155.4 9.5
117.3 186.0 9.5
35.5 221.4 8.3
16.1 128.0 6.1
187.7 238.6 8.0
74.8 137.4 8.0
28.4 198.1 5.4
111.4 300.0 9.4
180.2 262.5 8.1
34.8 97.0 7.6
52.5 82.0 7.3
133.6 269.3 10.0
68.2 295.2 6.9
233.0 267.4 8.5
168.0 196.8 8.7
107.8 130.0 5.8
88.4 256.5 8.0
3.2 261.3 7.3
46.3 296.2 9.2
137.9 192.0 6.7
45.7 183.1 7.7
68.3 299.4 6.9
0.9 118.8 5.5
33.0 163.1 6.7
66.8 256.6 9.7
47.4 142.9 6.2
30.9 63.4 5.3
178.0 275.3 6.8
165.1 202.8 9.4
202.6 245.8 9.7
197.4 268.2 6.3
66.5 185.9 6.0
248.2 273.6 8.3
68.1 190.3 8.7
235.0 293.7 9.8
79.4 175.7 9.6
51.0 164.4 8.0
176.8 267.7 8.8
208.3 219.8 7.5
96.2 156.0 8.2
184.2 248.7 8.7
200.7 217.8 7.8
28.7 202.7 6.8
125.1 273.9 5.8
98.5 255.4 9.2
54.6 293.5 6.9
56.7 152.2 9.8
158.9 293.7 5.7
22.1 103.6 6.5
72.0 231.5 5.5
77.7 88.4 5.2
141.3 268.2 8.5
224.0 264.8 6.2
90.5 118.7 9.5
148.4 197.5 8.3
10.1 201.7 6.6
206.9 237.5 7.7
192.7 238.2 7.8
33.6 286.5 9.7
55.8 121.7 5.1
202.9 256.4 7.6
197.7 283.1 7.1
115.3 168.6 9.0
91.8 297.0 5.1
138.7 258.9 9.5
200.7 256.8 5.1
220.6 294.3 5.5
209.2 221.1 9.2
208.5 225.0 8.1
213.6 260.3 9.0
182.3 208.7 8.0
15.9 275.2 9.5
21.4 173.0 6.9
74.0 186.7 7.4
20.5 195.5 8.2
199.1 298.1 7.9
229.9 299.1 8.9
60.1 103.5 7.3
38.8 83.4 9.0
55.3 88.4 6.7
199.2 279.1 9.9
45.3 197.5 5.6
129.7 212.9 6.7
49.8 291.1 5.5
124.1 220.2 6.1
164.4 249.7 8.9
64.8 123.7 5.2
205.9 282.6 8.6
140.5 245.8 9.5
174.9 189.4 9.9
63.7 179.1 8.2
167.6 266.8 7.4
199.8 262.0 9.7
219.2 294.1 8.0
83.9 224.7 9.6
213.0 274.7 5.9
239.5 268.4 7.6
17.2 193.2 8.1
44.7 228.0 7.0
128.4 228.7 5.7
168.1 194.4 8.4
92.0 106.6 6.4
135.1 189.1 8.6
64.4 121.0 9.9
184.8 238.6 8.2
204.4 214.6 9.5
137.3 156.8 6.2
155.7 292.8 9.0
189.6 229.4 7.9
173.0 236.8 9.7
204.7 298.9 8.8
57.2 153.0 8.4
183.6 248.8 5.6
16.1 67.3 5.1
45.7 193.8 7.4
231.6 292.7 5.1
107.0 142.9 9.4
53.4 89.4 9.4
18.4 155.0 7.9
156.1 228.6 8.3
23.7 187.8 6.1
181.1 291.3 7.3
31.8 128.6 8.5
119.5 194.8 7.5
184.8 286.8 9.7
160.3 234.0 6.3
38.1 180.9 7.2
236.4 252.5 6.0
191.6 202.8 6.6
94.2 147.1 7.0
49.3 228.5 8.6
72.5 198.2 9.4
184.2 270.6 6.2
22.5 258.3 8.9
151.2 292.5 9.7
210.5 283.0 5.3
156.5 166.7 9.4
12.3 151.7 9.4
30.2 283.5 8.4
227.4 281.3 6.3
81.6 121.5 6.7
219.4 255.6 8.0
150.8 237.3 8.9
87.9 284.5 5.4
23.1 193.5 8.9
161.7 184.7 9.6
133.7 296.7 5.9
67.0 175.4 8.7
166.7 181.2 9.9
219.4 292.7 5.8
156.9 206.1 6.2
142.5 230.4 8.4
43.2 242.3 8.2
20.2 240.9 8.3
68.1 201.8 5.6
244.2 286.1 9.2
67.9 295.0 8.7
190.9 262.3 6.5
47.7 294.7 7.0
122.1 247.0 5.4
90.2 201.0 5.5
50.3 170.5 8.9
28.3 225.5 6.7
50.4 104.9 7.7
147.3 181.9 7.9
33.6 43.7 7.4
175.8 200.6 6.1
23.0 214.3 9.4
84.0 160.3 6.2
236.1 249.7 9.1
37.2 157.2 9.6
127.9 160.5 8.7
162.9 290.4 8.1
96.4 290.7 7.3
106.4 192.2 8.3
100.8 194.1 9.6
109.9 285.4 9.4
118.5 196.1 6.7
40.2 80.6 7.1
182.4 210.9 6.9
54.8 218.1 9.1
101.5 233.5 7.3
129.1 231.6 8.2
30.2 125.5 5.9
17.6 71.7 7.8
126.2 244.5 7.2
7.5 128.3 7.2
31.9 291.0 5.5
53.4 150.9 8.6
74.3 136.0 9.4
42.7 172.8 9.7
246.0 285.5 5.5
218.9 231.8 9.7
179.3 284.4 9.0
27.4 148.0 9.2
226.0 236.2 5.3
93.1 157.4 9.4
95.9 225.4 9.9
17.7 169.1 8.2
152.8 168.2 5.2
31.3 208.2 6.7
164.2 290.1 9.2
237.5 254.9 9.0
28.6 271.7 5.0
145.4 287.8 5.6
197.0 237.4 7.2
160.7 190.7 7.1
166.3 234.1 9.6
205.5 218.4 6.6
185.3 218.2 5.5
39.1 74.5 9.7
81.3 169.2 6.0
126.0 222.3 5.4
33.3 145.4 5.4
128.3 167.3 9.2
193.6 259.0 8.9
29.1 271.4 5.8
208.1 242.8 5.0
4.3 34.8 5.2
13.9 148.5 7.3
236.1 286.7 9.4
227.5 238.6 8.2
145.4 286.8 9.6
157.9 243.6 7.2
167.6 188.3 5.6
77.9 253.9 9.2
241.3 299.1 8.5
216.7 290.3 5.1
158.2 289.9 9.8
111.6 289.0 7.4
18.9 237.5 9.6
33.6 141.3 7.9
195.6 253.6 7.8
131.4 288.7 5.3
197.7 239.2 5.4
244.6 266.5 8.9
242.5 274.2 6.8
6.7 135.0 8.2
60.0 70.3 6.3
4.3 250.3 6.0
7.2 77.3 5.2
217.1 270.7 9.3
65.9 77.8 9.3
149.8 227.4 7.3
44.6 260.0 6.3
130.8 155.1 6.3
87.6 110.8 7.3
202.9 225.7 8.5
211.0 272.7 5.0
152.0 281.7 9.3
105.0 144.6 8.8
207.6 247.8 6.9
82.5 103.5 7.4
198.2 245.5 8.9
124.7 141.9 8.7
249.6 299.8 5.9
26.7 97.9 9.3
248.6 264.2 9.9
117.7 224.1 5.8
11.4 148.0 7.6
82.5 212.8 9.1
68.6 193.0 7.3
14.5 115.0 9.8
129.5 212.5 8.9
223.9 283.1 7.0
196.7 231.1 7.0
205.9 278.7 7.6
167.8 196.7 5.4
224.7 244.9 7.3
224.0 258.0 8.7
166.7 208.9 9.8
171.3 276.8 8.4
175.2 233.3 5.4
80.1 279.9 7.4
224.2 281.7 7.3
81.5 116.3 10.0
123.8 163.4 7.0
153.1 217.3 6.1
109.1 136.3 8.7
46.6 238.2 5.3
129.7 204.4 8.3
114.9 187.0 6.0
229.4 297.2 5.4
188.9 259.4 8.5
18.3 280.0 8.8
207.8 294.5 5.6
80.5 269.0 9.8
158.6 270.8 6.0
133.4 282.9 9.1
21.6 39.2 5.7
126.2 294.1 7.4
52.4 159.2 9.3
210.7 293.3 6.7
15.0 207.2 7.7
97.7 140.9 6.3
126.7 175.6 9.8
80.3 268.1 7.1
216.1 273.0 7.5
166.6 213.0 7.3
25.0 165.1 9.4
203.4 257.6 9.5
130.0 208.5 8.3
245.5 277.8 8.7
105.4 175.4 9.2
109.5 254.7 8.6
6.4 103.1 8.9
161.3 299.4 9.1
109.5 242.9 5.8
198.5 222.5 8.7
184.6 260.8 6.3
59.7 74.3 8.5
137.3 201.5 8.4
170.5 228.7 7.3
83.0 243.9 8.7
115.5 142.0 7.9
92.5 115.8 8.0
123.6 282.0 7.7
150.3 183.2 9.6
164.7 219.8 6.7
244.8 259.4 6.7
59.1 224.6 8.0
190.3 230.4 8.9
176.7 206.5 6.1
27.9 130.4 8.9
152.0 261.0 6.9
56.1 208.4 6.8
41.3 194.5 6.6
242.1 289.3 8.5
105.3 233.2 5.3
135.0 275.2 9.8
192.7 239.8 7.5
31.9 127.8 5.8
70.3 184.7 9.6
211.1 289.7 9.0
130.2 248.5 7.4
217.7 230.1 7.2
113.7 214.9 9.0
50.9 126.8 9.2
153.9 199.9 8.4
67.6 111.2 6.7
158.3 249.6 6.4
223.7 276.2 9.5
160.6 255.8 5.4
148.5 170.8 8.6
67.5 253.1 6.2
87.0 256.4 7.4
203.3 217.9 10.0
110.4 273.1 8.2
245.8 297.4 6.9
58.8 160.6 9.1
205.5 250.8 9.4
100.2 229.3 7.2
171.5 223.2 8.4
194.9 298.5 8.5
30.5 215.4 7.7
197.4 293.6 6.9
9.9 103.5 8.1
108.6 216.0 5.8
30.9 265.8 9.5
196.7 247.3 8.1
206.7 236.4 8.0
141.7 292.7 5.6
219.3 285.3 7.5
99.0 252.8 9.0
28.4 118.2 6.2
167.1 211.7 8.3
91.4 289.7 9.9
149.9 229.9 7.1
127.9 145.4 7.8
167.9 225.9 9.4
210.3 298.9 6.4
76.2 266.4 7.6
28.4 123.1 7.2
212.3 227.2 5.9
142.4 195.3 5.4
91.4 160.3 8.3
249.8 296.4 5.3
88.3 113.5 8.9
121.9 166.8 6.4
204.5 291.5 5.9
222.5 278.3 5.4
182.2 206.1 7.9
181.7 256.1 6.4
199.4 264.6 8.8
124.4 232.7 8.8
136.9 191.1 6.9
77.8 216.9 5.1
226.9 269.2 7.0
70.6 192.1 7.1
72.6 255.5 5.9
149.9 164.6 5.6
84.6 140.2 5.2
181.0 284.8 7.5
111.0 244.7 8.2
186.9 251.1 7.5
59.6 93.2 5.2
135.1 226.8 6.5
206.5 285.3 5.5
171.3 185.5 5.1
224.6 295.9 9.4
170.7 266.8 7.3
156.7 187.1 9.7
123.4 278.3 6.4
93.1 219.6 8.3
217.2 280.7 9.9
128.4 173.3 5.0
12.7 263.3 7.5
53.0 241.7 9.9
80.8 182.7 9.7
8.1 61.9 5.3
12.9 80.0 7.7
242.2 298.5 8.8
200.5 218.6 8.5
66.9 129.4 8.5
75.3 110.2 9.4
55.8 127.5 5.9
178.6 209.6 7.7
234.1 253.5 5.9
145.5 188.7 6.1
148.0 209.3 5.9
147.2 270.7 9.3
35.6 136.9 5.4
104.6 193.6 5.3
101.1 150.4 9.5
243.0 290.6 6.4
209.8 249.1 7.0
190.5 214.8 6.2
98.6 267.1 6.7
18.2 39.5 9.7
194.6 261.6 8.8
85.3 272.8 9.2
220.2 244.8 5.4
63.7 97.0 7.9
30.0 298.2 6.2
43.9 268.7 8.0
174.2 217.2 5.6
172.0 251.1 5.6
160.0 296.7 9.1
35.2 94.3 6.2
120.2 248.8 6.2
175.8 221.6 8.8
98.5 230.4 7.0
60.5 258.5 8.5
164.7 266.2 7.6
88.6 122.1 6.2
203.3 289.8 8.0
248.4 285.2 6.5
142.9 171.9 9.6
19.3 232.6 8.0
44.1 112.8 7.5
20.7 58.4 6.9
86.2 100.2 5.0
147.9 176.3 8.9
174.4 221.0 7.7
244.8 270.6 6.1
233.2 285.8 6.1
76.8 97.9 9.2
127.3 172.5 5.8
216.8 270.7 7.1
99.5 249.5 6.4
162.6 241.1 9.5
98.1 140.0 6.2
164.0 224.6 5.4
20.0 125.4 8.2
111.8 137.1 7.6
222.0 274.3 7.5
115.8 180.8 9.5
224.6 299.5 7.7
67.0 200.1 5.0
76.7 120.0 5.9
176.7 223.5 5.1
62.9 137.8 9.9
94.0 161.2 9.7
153.6 210.2 5.2
186.7 291.1 5.2
102.3 284.9 9.6
149.4 290.5 6.8
235.8 266.9 5.9
40.1 114.0 7.8
182.0 234.8 7.7
69.2 222.6 8.9
12.2 136.2 8.9
232.0 280.6 7.6
171.4 277.2 9.6
98.4 111.1 7.7
186.6 200.6 8.6
73.7 124.0 5.4
121.0 210.7 8.8
60.0 288.9 9.3
23.1 147.1 9.4
6.5 23.3 6.0
179.6 289.2 9.0
180.1 254.4 9.2
22.2 273.7 9.3
96.9 187.5 6.4
25.8 232.4 9.5
52.7 170.8 7.2
59.5 125.1 8.8
50.7 119.2 8.6
238.3 285.3 6.2
245.1 260.6 9.7
195.0 214.0 7.2
196.1 262.9 7.1
76.2 189.0 6.6
43.7 259.6 7.4
1.7 23.2 5.2
229.4 247.6 6.2
119.4 202.5 6.0
35.1 299.1 5.9
74.9 222.2 5.6
9.5 181.3 8.6
161.3 298.5 8.5
128.0 297.1 5.8
55.1 205.9 6.8
247.5 260.9 5.5
66.4 105.6 7.3
118.7 236.0 6.3
13.4 201.5 5.2
19.0 111.3 9.3
221.4 243.6 6.5
97.8 159.1 9.2
232.4 269.9 6.6
246.3 281.4 5.3
203.9 275.0 8.8
216.2 251.6 9.6
213.4 299.6 6.3
163.8 208.7 7.6
173.7 231.3 5.2
241.9 268.7 7.1
114.3 242.8 5.7
92.1 153.3 7.4
221.1 259.8 6.9
248.2 271.1 7.0
132.1 190.3 6.7
201.4 273.2 6.5
183.9 277.4 5.4
164.8 282.1 5.8
220.5 233.1 5.2
145.4 248.4 8.0
190.6 249.2 6.9
219.3 284.2 8.7
141.1 154.3 7.5
53.0 181.7 5.9
5.4 169.8 5.1
234.8 261.3 8.5
34.8 158.5 8.4
175.8 251.9 8.7
38.2 299.1 6.4
68.2 82.3 5.1
18.2 52.8 7.9
56.5 282.2 6.9
111.5 232.6 8.9
136.5 245.2 9.2
236.6 266.3 6.8
2.3 106.0 5.6
39.1 262.3 7.0
218.5 287.6 5.7
4.1 180.4 8.5
231.2 283.9 9.6
199.9 268.6 9.7
91.4 145.6 7.5
122.5 220.7 7.1
150.4 270.4 6.4
199.2 273.4 7.9
167.9 202.9 5.3
194.1 236.3 8.0
213.7 251.3 5.3
52.0 177.7 7.9
206.4 261.0 8.1
97.7 137.9 9.0
194.6 282.2 9.5
56.8 273.8 5.6
123.8 172.9 5.6
234.2 261.4 7.5
96.9 226.2 8.6
247.6 284.2 6.0
139.3 203.2 7.9
75.0 258.4 9.8
121.9 200.3 5.7
174.0 239.8 7.5
169.1 288.7 9.3
205.2 268.8 9.2
223.9 262.8 9.1
1.1 286.9 6.7
2.2 281.6 8.0
47.8 269.0 8.5
105.3 141.4 6.0
141.8 182.3 7.2
0.2 218.4 8.9
45.9 249.2 5.8
147.9 205.7 5.7
78.7 163.3 8.3
44.5 236.2 9.0
114.1 146.8 5.6
110.6 205.8 7.8
174.7 191.3 8.8
40.4 93.2 8.7
117.2 238.3 9.3
67.1 279.8 5.7
58.6 166.3 9.7
246.1 256.5 6.1
141.2 247.5 8.4
17.7 230.2 8.6
243.0 278.5 6.1
0.2 102.5 8.8
158.6 299.3 8.3
59.4 158.2 9.1
46.7 259.6 6.5
32.3 293.3 7.2
85.8 230.1 6.0
117.2 231.3 8.2
134.5 280.0 5.4
192.4 252.4 9.4
201.8 231.4 7.2
182.8 226.7 6.2
155.8 272.8 9.8
76.4 211.2 8.7
230.2 298.1 9.1
32.4 189.6 7.2
95.9 175.0 5.6
76.8 122.6 9.9
180.5 233.8 7.9
120.0 154.9 7.7
100.6 120.1 5.2
99.2 204.9 6.0
223.3 294.5 7.2
1.1 255.8 9.9
88.9 215.4 6.3
239.4 275.6 5.5
22.4 111.5 5.3
158.0 254.7 6.9
239.2 288.7 6.0
88.9 202.4 9.5
52.3 232.8 6.5
163.2 282.1 5.8
115.2 151.3 5.7
51.4 71.5 7.0
90.3 197.9 8.3
160.2 241.7 6.6
159.5 221.3 7.6
133.9 253.0 6.9
112.8 196.0 7.2
1.0 58.9 7.8
13.5 205.5 9.5
195.9 281.7 6.0
235.2 263.4 6.6
96.1 186.2 7.5
54.1 287.0 5.2
38.4 134.5 7.4
112.1 133.8 9.3
228.6 252.1 7.5
179.3 215.7 7.5
133.2 216.9 8.7
159.2 174.8 8.4
202.0 294.3 6.4
65.7 220.0 8.7
216.1 256.2 7.4
157.4 299.0 9.1
56.4 208.9 9.9
58.3 77.5 9.0
122.2 222.0 9.3
235.0 260.5 9.6
146.5 277.1 6.6
35.5 161.9 5.2
215.4 285.1 7.8
236.2 292.2 8.0
170.9 214.4 5.9
224.6 258.4 8.1
229.7 273.5 5.5
49.9 153.3 7.0
44.5 165.6 8.1
91.6 232.5 5.2
76.7 275.9 5.7
190.1 219.5 8.8
72.6 90.6 5.3
79.8 216.8 6.9
225.1 256.4 5.9
13.9 115.0 6.6
3.3 231.3 9.7
7.0 224.1 6.0
142.0 186.0 6.5
25.3 192.2 9.9
91.3 225.7 5.7
43.8 107.1 5.1
150.7 161.4 8.6
151.3 234.8 9.8
237.4 292.0 7.9
182.7 241.9 7.2
122.9 237.8 5.7
140.7 193.1 9.8
135.1 163.1 9.6
52.0 270.7 6.0
99.6 153.5 6.7
199.0 220.9 10.0
116.7 273.0 9.7
94.2 259.2 7.5
212.5 284.8 8.7
1.7 276.8 10.0
107.2 179.6 9.6
229.9 284.3 8.2
158.7 277.5 6.6
97.9 175.3 5.4
239.9 252.0 7.0
133.5 298.7 5.4
61.8 256.6 5.3
151.1 226.6 9.0
122.9 299.1 5.7
185.4 236.2 6.2
34.5 208.8 7.3
39.3 133.6 8.8
23.9 79.2 9.1
63.7 217.7 5.4
41.2 246.1 8.1
43.9 224.9 8.4
232.3 249.0 8.4
143.8 190.7 10.0
163.5 175.7 5.9
28.9 263.4 8.4
61.2 114.1 7.8
89.6 133.8 8.2
189.5 226.7 8.8
212.0 238.4 5.4
164.2 193.7 8.8
17.7 255.0 6.0
215.5 270.0 5.2
128.6 168.0 8.7
223.6 239.9 7.9
200.1 259.1 9.2
107.2 189.8 8.9
142.9 183.6 8.5
214.3 252.0 9.3
92.9 179.0 8.9
220.8 239.0 6.4
126.5 275.1 8.4
46.2 135.4 10.0
197.2 291.1 9.8
0.5 211.6 5.1
235.1 283.6 7.0
237.8 251.9 7.6
35.0 97.5 8.6
133.5 171.6 8.8
217.0 285.9 5.6
180.7 230.2 9.9
213.9 267.4 5.3
172.6 193.9 9.6
33.2 227.2 9.9
99.8 175.7 9.6
26.7 112.3 5.3
22.6 258.8 6.8
83.3 202.7 8.9
41.5 293.9 5.7
67.4 104.1 9.4
15.2 248.5 6.6
199.4 283.5 6.9
25.0 188.0 9.8
10.9 132.7 7.6
87.8 183.7 7.7
198.6 266.4 7.2
25.2 207.5 7.2
226.8 272.6 5.5
219.7 262.7 6.4
109.5 263.2 5.1
74.5 101.0 9.2
37.9 128.2 7.9
235.6 252.6 6.1
51.8 147.2 9.5
222.1 252.2 8.2
135.6 160.8 6.3
49.5 264.1 7.7
247.6 262.2 5.6
59.9 224.6 7.9
183.9 217.4 5.6
48.0 199.8 9.2
175.9 296.7 5.7