100
97.8 299.8 6.0
166.8 298.7 5.7
128.2 172.8 5.5
0.7 73.8 9.0
58.3 279.6 5.7
228.9 249.3 6.2
170.9 225.1 9.4
168.0 210.8 5.1
52.2 282.4 8.9
17.3 299.4 9.7
159.4 173.0 8.9
178.1 275.4 5.7
113.2 161.4 5.2
101.9 138.6 8.5
194.2 230.1 7.8
195.2 291.0 8.0
73.3 258.0 9.7
239.5 287.8 8.9
198.8 276.5 6.3
195.3 239.8 5.6
231.1 287.5 9.2
126.5 158.2 7.9
214.8 290.4 7.0
89.9 251.0 5.5
145.9 210.1 8.5
167.1 197.2 6.0
190.5 217.6 8.9
135.5 184.2 5.4
233.1 256.9 7.1
107.1 262.5 7.2
43.7 84.6 8.7
232.4 268.8 8.3
44.3 200.6 7.6
118.8 151.9 9.5
116.3 190.4 5.2
37.3 274.0 7.0
56.8 237.5 5.3
125.6 153.8 5.1
66.5 183.9 7.4
167.7 259.9 9.2
89.2 131.3 9.0
89.8 182.7 7.8
199.7 253.3 9.8
34.8 253.7 7.6
117.4 139.8 8.1
107.7 153.1 8.3
5.3 255.8 8.9
218.2 263.8 7.2
155.5 265.4 7.4
77.7 240.0 8.3
99.3 251.8 7.2
79.1 182.3 5.3
88.1 152.7 7.5
191.6 231.3 8.6
148.7 198.7 5.7
20.9 78.6 8.6
113.2 168.2 6.0
110.8 171.1 9.1
183.9 241.4 7.5
102.4 240.3 6.6
184.1 196.9 7.1
245.8 279.1 8.9
171.6 249.1 6.2
180.6 262.8 9.9
110.5 238.8 9.5
149.4 268.5 9.4
195.9 213.0 7.2
90.7 183.7 6.8
150.7 161.8 8.5
228.8 280.3 6.1
119.2 215.3 8.3
222.8 294.4 9.0
111.9 225.1 6.7
185.2 258.5 8.3
32.4 142.0 7.4
159.1 194.9 9.7
155.6 296.1 5.2
117.1 164.2 5.3
79.3 153.8 5.2
23.8 140.0 9.2
76.5 101.2 5.0
123.6 167.9 5.6
117.5 252.5 5.7
125.5 228.8 6.7
130.6 190.7 8.9
42.1 99.4 6.4
79.1 112.4 7.8
67.6 243.4 9.5
145.1 264.7 9.9
10.7 62.7 8.1
44.3 101.1 8.7
82.6 200.0 6.3
208.8 245.8 8.8
18.9 92.9 7.4
193.0 251.5 9.4
243.0 292.5 7.1
77.3 277.7 9.4
91.9 162.3 5.9
117.0 168.3 9.4
243.3 269.4 7.7